			//SAMPLE
			/*
			int [] map = 
			{
					 6,13,13,13,13,13,13,13,13,13,13,13,13,13,13,13,13,13,13,13,13,13,13,13,13,13,13,13,13,13,13,13,13,13,13,13,13,13,13,13,13,13,13,13,13,13,13,13,13,13,13,13,13,13,13,13,13,13,13,13,13,13,13,13,13,13,13,13,13,13,13,13,13,13,13,13,13,13,13,13,13,13,13,13,13,13,13,13,13,13,13,13,13,13,13,13,13,13,13,13,13,13,13,13,13,13,13,13,13,13,13,13,13,13,13,13,13,13,13,13,13,13,13,13,13,13,13,13,13,13,13,13,13,13,13,13,13,13,13,13,13,13,13,13,13,13,13,13,13,13,13,13,13,13,13,13,13,13,13, 6,
					 6,12,12,12,12,12,12,12,12,12,12,12,12,12,12,12,12,12,12,12,12,12,12,12,12,12,12,12,12,12,12,12,12,12,12,12,12,12,12,12,12,12,12,12,12,12,12,12,12,12,12,12,12,12,12,12,12,12,12,12,12,12,12,12,12,12,12,12,12,12,12,12,12,12,12,12,12,12,12,12,12,12,12,12,12,12,12,12,12,12,12,12,12,12,12,12,12,12,12,12,12,12,12,12,12,12,12,12,12,12,12,12,12,12,12,12,12,12,12,12,12,12,12,12,12,12,12,12,12,12,12,12,12,12,12,12,12,12,12,12,12,12,12,12,12,12,12,12,12,12,12,12,12,12,12,12,12,12,12, 6,
					 6,12,12,12,12,12,12,12,12,12,12,12,12,12,12,12,12,12,12,12,12,12,12,12,12,12,12,12,12,12,12,12,12,12,12, 1, 1, 1, 1, 1, 1, 1, 1,12,12,12,12,12,12,12,12,12,12,12,12,12,12,12,12,12,12,12,12,12,12,12,12,12,12,12,12,12,12,12,12,12,12,12,12,12,12,12,12,12,12,12,12,12,12,12,12,12,12,12,12,12,12,12,12,12,12,12,12,12,12,12,12,12,12,12,12,12,12,12,12,12,12,12,12,12,12,12,12,12,12,12,12,12,12,12,12,12,12,12,12,12,12,12,12,12,12,12,12,12,12,12,12,12,12,12,12,12,12,12,12,12,12,12,12, 6,
					 6,12,12,12,12,12,12,12,12,12,12,12,12,12,12,12,12,12,12,12,12,12,12,12,12,12,12,12,12,12,12,12,12,12,12, 2, 3, 2, 3, 2, 3, 2, 3,12,12,12,12,12,12,12,12,12,12,12,12,12,12,12,12,12,12,12,12,12,12,12,12,12,12,12,12,12,12,12,12,12,12,12,12,12,12,12,12,12,12,12,12,12,12,12,12,12,12,12,12,12,12,12,12,12,12,12,12,12,12,12,12,12,12,12,12,12,12,12,12,12,12,12,12,12,12,12,12,12,12,12,12,12,12,12,12,12,12,12,12,12,12,12,12,12,12,12,12,12,12,12,12,12,12,12,12,12,12,12,12,12,12,12,12, 6,
					 6,12,12,12,12,12,12,12,12,12,12,12,12,12,12,12,12,12,12,12,12,12,12,12,12,12,12,12,12,12,12,12,12,12,12, 5, 4, 5, 4, 5, 4, 5, 4,12,12,12,12,12,12,12,12,12,12,12,12,12,12,12,12,12,12,12,12,12,12,12,12,12,12,12,12,12,12,12,12,12,12,12,12,12,12,12,12,12,12,12,12,12,12,12,12,12,12,12,12,12,12,12,12,12,12,12,12,12,12,12,12,12,12,12,12,12,12,12,12,12,12,12,12,12,12,12,12,12,12,12,12,12,12,12,12,12,12,12,12,12,12,12,12,12,12,12,12,12,12,12,12,12,12,12,12,12,12,12,12,12,12,12,12, 6,
					 6,12,12,12,12,12,12,12,12,12,12,12,12,12,12,12,12,12,12,12,12,12,12,12,12,12,12,12,12,12,12,12,12,12,12,17,17,17,17,17,17,17,17,12,12,12,12,12,12,12,12,12,12,12,12,12,12,12,12,12,12,12,12,12,12,12,12,12,12,12,12,12,12,12,12,12,12,12,12,12,12,12,12,12,12,12,12,12,12,12,12,12,12,12,12,12,12,12,12,12,12,12,12,12,12,12,12,12,12,12,12,12,12,12,12,12,12,12,12,12,12,12,12,12,12,12,12,12,12,12,12,12,12,12,12,12,12,12,12,12,12,12,12,12,12,12,12,12,12,12,12,12,12,12,12,12,12,12,12, 6,
					 6,12,12,12,12,12,12,12,12,12,12,12,12,12,12,12,12,12,12,12,12,12,12,12,12,12,12,12,12,12,12,12,12,12,12,17,17,17,17,17,17,17,17, 1, 1, 1,12,12,12,12,12,12,12,12,12,12,12,12,12,12,12,12,12,12,12,12,12,12,12,12,12,12,12,12,12,12,12,12,12,12,12,12,12,12,12,12,12,12,12,12,12,12,12,12,12,12,12,12,12,12,12,12,12,12,12,12,12,12,12,12,12,12,12,12,12,12,12,12,12,12,12,12,12,12,12,12,12,12,12,12,12,12,12,12,12,12,12,12,12,12,12,12,12,12,12,12,12,12,12,12,12,12,12,12,12,12,12,12,12, 6,
					 6,12,12,12,12,12,12,12,12,12,12,12,12,12,12,12,12,12,12,12,12,12,12,12,12,12,12,12,12,12,12,12,12,12,12,17,17,17,17,17,17,17,17, 3, 2, 3,12,12,12,12,12,12,12,12,12,12,12,12,12,12,12,12,12,12,12,12,12,12,12,12,12,12,12,12,12,12,12,12,12,12,12,12,12,12,12,12,12,12,12,12,12,12,12,12,12,12,12,12,12,12,12,12,12,12,12,12,12,12,12,12,12,12,12,12,12,12,12,12,12,12,12,12,12,12,12,12,12,12,12,12,12,12,12,12,12,12,12,12,12,12,12,12,12,12,12,12,12,12,12,12,12,12,12,12,12,12,12,12,12, 6,
					 6,12,12,12,12,12,12,12,12,12,12,12,12,12,12,12,12,12,12,12,12,12,12,12,12,12,12,12,12,12,12,12,12,12,12,17,17,17,17,17,17,17,17, 4, 5, 4,12,12,12,12,12,12,12,12,12,12,12,12,12,12,12,12,12,12,12,12,12,12,12,12,12,12,12,12,12,12,12,12,12,12,12,12,12,12,12,12,12,12,12,12,12,12,12,12,12,12,12,12,12,12,12,12,12,12,12,12,12,12,12,12,12,12,12,12,12,12,12,12,12,12,12,12,12,12,12,12,12,12,12,12,12,12,12,12,12,12,12,12,12,12,12,12,12,12,12,12,12,12,12,12,12,12,12,12,12,12,12,12,12, 6,
					 6,12,12,12,12,12,12,12,12,12, 1, 1, 1, 1, 1, 1,12,12,12,12,12,12,12,12,12,12,12,12,12,12,12,12,12,12,12, 1, 1, 1, 1, 1, 1, 1, 1, 7, 7, 7,12,12,12,12,12,12,12,12,12,12,12,12,12,12,12,12,12,12,12,12,12,12,12,12,12,12,12,12,12,12,12,12,12,12,12,12,12,12,12,12,12,12,12,12,12,12,12,12,12,12,12,12,12,12,12,12,12,12,12,12,12,12,12,12,12,12,12,12,12,12,12,12,12,12,12,12,12,12,12,12,12,12,12,12,12,12,12,12,12,12,12,12,12,12,12,12,12,12,12,12,12,12,12,12,12,12,12,12,12,12,12,12,12, 6,
					 6,12,12,12,12,12,12,12,12,12, 3, 3, 3, 3, 3, 3,12,12,12,12,12,12,12,12,12,12, 1, 1, 1, 1, 1, 1,12,12,12, 2, 3, 2, 3, 2, 3, 2, 3, 7, 7, 7,12,12,12,12,12,12,12,12,12,12,12,12,12,12,12,12,12,12,12,12,12,12,12,12,12,12,12,12,12,12,12,12,12,12,12,12,12,12,12,12,12,12,12,12,12,12,12,12,12,12,12,12,12,12,12,12,12,12,12,12,12,12,12,12,12,12,12,12,12,12,12,12,12,12,12,12,12,12,12,12,12,12,12,12,12,12,12,12,12,12,12,12,12,12,12,12,12,12,12,12,12,12,12,12,12,12,12,12,12,12,12,12,12, 6,
					 6,12,12,12,12,12,12,12,12,12, 5, 5, 5, 5, 5, 5,15,15,15,15,15,15,15,15,15,15, 3, 3, 3, 3, 3, 3,12,12,12, 5, 4, 5, 4, 5, 4, 5, 4, 7, 7, 7,12,12,12,12,12,12,12,12,12,12,12,12,12,12,12,12,12,12,12,12,12,12,12,12,12,12,12,12,12,12,12,12,12,12,12,12,12,12,12,12,12,12,12,12,12,12,12,12,12,12,12,12,12,12,12,12,12,12,12,12,12,12,12,12,12,12,12,12,12,12,12,12,12,12,12,12,12,12,12,12,12,12,12,12,12,12,12,12,12,12,12,12,12,12,12,12,12,12,12,12,12,12,12,12,12,12,12,12,12,12,12,12,12, 6,
					 6,12,12,12,12,12,12,12, 1, 1, 7, 7, 7, 7, 7, 7,14,14,14,14,14,14,14,14,14,14, 5, 5, 5, 5, 5, 5,12,12,12,17,17,17,17,17,17,17,17,17,17,17,12,12,12,12,12,12,12,12,12,12,12,12,12,12,12,12,12,12,12,12,12,12,12,12,12,12,12,12,12,12,12,12,12,12,12,12,12,12,12,12,12,12,12,12,12,12,12,12,12,12,12,12,12,12,12,12,12,12,12,12,12,12,12,12,12,12,12,12,12,12,12,12,12,12,12,12,12,12,12,12,12,12,12,12,12,12,12,12,12,12,12,12,12,12,12,12,12,12,12,12,12,12,12,12,12,12,12,12,12,12,12,12,12, 6,
					 6,12,12,12,12,12,12,12, 3, 3, 7, 7, 7, 7, 7, 7,12,12,12,12,12,12,12,12,12,12,17,17,17,17,17,17,12,12,12,17,17,17,17,17,17,17,17,17,17,17,12,12,12,12,12,12,12,12,12,12,12,12,12,12,12,12,12,12,12,12,12,12,12,12,12,12,12,12,12,12,12,12,12,12,12,12,12,12,12,12,12,12,12,12,12,12,12,12,12,12,12,12,12,12,12,12,12,12,12,12,12,12,12,12,12,12,12,12,12,12,12,12,12,12,12,12,12,12,12,12,12,12,12,12,12,12,12,12,12,12,12,12,12,12,12,12,12,12,12,12,12,12,12,12,12,12,12,12,12,12,12,12,12, 6,
					 6,10,11,10,11,10,11,10, 5, 5, 7, 7, 7, 7, 7, 7,10,11,11,10,11,10,11,10,11,10,17,17,17,17,17,17,11,10,11,17,17,17,17,17,17,17,17,17,17,17,11,10,11,10,11,10,11,10,11,10,11,10,11,10,11,10,11,10,11,10,11,10,11,10,11,10,11,10,11,10,11,10,11,10,10,11,10,11,10,11,10,11,10,11,10,11,10,11,10,11,10,11,10,11,10,11,10,11,10,11,10,11,10,11,10,11,10,11,10,11,10,11,10,11,10,11,10,11,10,11,10,11,10,11,10,11,10,11,10,11,10,11,10,11,10,11,10,11,10,11,10,11,10,11,10,11,10,11,10,11,10,11,10, 6,
					 6, 8, 9, 8, 9, 8, 9, 8, 7, 7, 7, 7, 7, 7, 7, 7, 8, 9, 8, 9, 8, 9, 8, 9, 8, 8,17,17,17,17,17,17, 9, 8, 9,17,17,17,17,17,17,17,17,17,17,17, 9, 8, 9, 8, 9, 8, 9, 8, 9, 8, 9, 8, 9, 8, 9, 8, 9, 8, 9, 8, 9, 8, 9, 8, 9, 8, 9, 8, 9, 8, 9, 8, 9, 8, 8, 9, 8, 9, 8, 9, 8, 9, 8, 9, 8, 9, 8, 9, 8, 9, 8, 9, 8, 9, 8, 9, 8, 9, 8, 9, 8, 9, 8, 9, 8, 9, 8, 9, 8, 9, 8, 9, 8, 9, 8, 9, 8, 9, 8, 9, 8, 9, 8, 9, 8, 9, 8, 9, 8, 9, 8, 9, 8, 9, 8, 9, 8, 9, 8, 9, 8, 9, 8, 9, 8, 9, 8, 9, 8, 9, 8, 9, 8, 6,
					 6, 0, 1, 0, 1, 0, 1, 0, 7, 7, 7, 7, 7, 7, 7, 7, 1, 0, 1, 0, 1, 0, 1, 0, 1, 0,17,17,17,17,17,17, 1, 0, 1,17,17,17,17,17,17,17,17,17,17,17, 1, 0, 1, 0, 1, 0, 1, 0, 1, 0, 1, 0, 1, 0, 1, 0, 1, 0, 1, 0, 1, 0, 1, 0, 1, 0, 1, 0, 1, 0, 1, 0, 1, 0, 0, 1, 0, 1, 0, 1, 0, 1, 0, 1, 0, 1, 0, 1, 0, 1, 0, 1, 0, 1, 0, 1, 0, 1, 0, 1, 0, 1, 0, 1, 0, 1, 0, 1, 0, 1, 0, 1, 0, 1, 0, 1, 0, 1, 0, 1, 0, 1, 0, 1, 0, 1, 0, 1, 0, 1, 0, 1, 0, 1, 0, 1, 0, 1, 0, 1, 0, 1, 0, 1, 0, 1, 0, 1, 0, 1, 0, 1, 0, 6,
					 6, 2, 3, 2, 3, 2, 3, 2, 7, 7, 7, 7, 7, 7, 7, 7, 3, 2, 3, 2, 3, 2, 3, 2, 3, 2,17,17,17,17,17,17, 3, 2, 3, 2, 3, 2, 3, 2, 3, 2, 3, 2, 3, 2, 3, 2, 3, 2, 3, 2, 3, 2, 3, 2, 3, 2, 3, 2, 3, 2, 3, 2, 3, 2, 3, 2, 3, 2, 3, 2, 3, 2, 3, 2, 3, 2, 3, 2, 2, 3, 2, 3, 2, 3, 2, 3, 2, 3, 2, 3, 2, 3, 2, 3, 2, 3, 2, 3, 2, 3, 2, 3, 2, 3, 2, 3, 2, 3, 2, 3, 2, 3, 2, 3, 2, 3, 2, 3, 2, 3, 2, 3, 2, 3, 2, 3, 2, 3, 2, 3, 2, 3, 2, 3, 2, 3, 2, 3, 2, 3, 2, 3, 2, 3, 2, 3, 2, 3, 2, 3, 2, 3, 2, 3, 2, 3, 2, 6,
					 6, 5, 4, 5, 4, 5, 4, 5, 7, 7, 7, 7, 7, 7, 7, 7, 4, 5, 4, 5, 4, 5, 4, 5, 4, 5, 4, 5, 4, 5, 4, 5, 4, 5, 4, 5, 4, 5, 4, 5, 4, 5, 4, 5, 4, 5, 4, 5, 4, 5, 4, 5, 4, 5, 4, 5, 4, 5, 4, 5, 4, 5, 4, 5, 4, 5, 4, 5, 4, 5, 4, 5, 4, 5, 4, 5, 4, 5, 4, 5, 5, 4, 5, 4, 5, 4, 5, 4, 5, 4, 5, 4, 5, 4, 5, 4, 5, 4, 5, 4, 5, 4, 5, 4, 5, 4, 5, 4, 5, 4, 5, 4, 5, 4, 5, 4, 5, 4, 5, 4, 5, 4, 5, 4, 5, 4, 5, 4, 5, 4, 5, 4, 5, 4, 5, 4, 5, 4, 5, 4, 5, 4, 5, 4, 5, 4, 5, 4, 5, 4, 5, 4, 5, 4, 5, 4, 5, 4, 5, 6,
					 6, 7, 7, 7, 7, 7, 7, 7, 7, 7, 7, 7, 7, 7, 7, 7, 7, 7, 7, 7, 7, 7, 7, 7, 7, 7, 7, 7, 7, 7, 7, 7, 7, 7, 7, 7, 7, 7, 7, 7, 7, 7, 7, 7, 7, 7, 7, 7, 7, 7, 7, 7, 7, 7, 7, 7, 7, 7, 7, 7, 7, 7, 7, 7, 7, 7, 7, 7, 7, 7, 7, 7, 7, 7, 7, 7, 7, 7, 7, 7, 7, 7, 7, 7, 7, 7, 7, 7, 7, 7, 7, 7, 7, 7, 7, 7, 7, 7, 7, 7, 7, 7, 7, 7, 7, 7, 7, 7, 7, 7, 7, 7, 7, 7, 7, 7, 7, 7, 7, 7, 7, 7, 7, 7, 7, 7, 7, 7, 7, 7, 7, 7, 7, 7, 7, 7, 7, 7, 7, 7, 7, 7, 7, 7, 7, 7, 7, 7, 7, 7, 7, 7, 7, 7, 7, 7, 7, 7, 7, 6
			};
			Sprite WAD = new Sprite(new Point(0,0), new Point(32,32), Util.m_mMain.GetImage( "WAD1.gif") ,1, false, false);
			Level level = new Level(map, 160, 20, WAD, 32, 32);
			int [] solids = new int[9];
			solids[0] = 20;
			solids[1] = 4;
			solids[2] = 5;
			solids[3] = 6;
			solids[4] = 7;
			solids[5] = 23;
			solids[6] = 21;
			solids[7] = 14;
			solids[8] = 13;
			level.SetSolids(solids);
			
			Util.m_lWorld = new Level(level);
			Util.SetLevel(level);
			
			Util.WorldMap();
			Util.SetLevel(level);
			Util.m_lCurrentLevel = level;
			*/
			/*
			int [] world = 
			{
						6,6,6,6,6,6,6,6,6,6,6,6,6,6,6,6,6,6,6,6,6,6,6,6,
						6,6,1,1,1,6,6,6,6,6,6,6,1,6,1,6,6,6,6,1,1,1,6,6,
						6,6,6,1,1,1,6,6,1,1,1,1,1,1,6,6,1,1,1,1,1,1,6,6,
						6,6,6,6,1,1,6,1,1,1,1,1,1,6,1,1,6,1,1,1,1,1,6,6,
						6,6,1,6,6,6,6,6,1,1,1,1,1,6,6,6,1,1,1,1,1,1,1,6,
						6,6,1,1,1,1,6,6,6,1,1,1,1,6,6,6,6,6,1,1,1,1,1,6,
						6,1,1,1,1,1,6,6,3,3,3,3,3,3,6,6,6,6,1,1,1,6,1,6,
						6,6,7,7,7,6,6,6,3,3,3,3,3,3,6,6,6,6,1,1,1,1,1,6,
						6,6,6,7,6,6,6,6,3,3,3,3,3,3,6,6,6,6,6,6,1,6,1,6,
						6,6,6,7,6,6,6,6,6,6,6,6,6,6,6,6,6,6,6,6,6,6,6,6,
						6,6,6,7,6,6,6,6,6,6,6,6,6,6,6,6,6,6,6,6,6,6,6,6,
						6,6,6,7,6,6,6,6,6,6,6,6,6,6,6,6,6,6,6,6,6,1,6,6,
						6,6,6,7,6,6,6,6,6,6,6,6,6,6,6,6,6,6,3,1,1,1,1,6,
						6,6,6,7,6,6,6,6,6,6,6,6,6,6,6,6,6,6,3,1,1,1,1,6,
						6,6,7,7,7,6,6,6,6,6,6,6,6,6,6,6,6,6,3,1,1,7,1,6,
						6,1,1,1,1,1,6,6,3,3,3,3,3,3,3,3,6,6,3,6,1,7,1,6,
						6,6,1,1,1,1,6,6,3,3,3,3,3,3,3,3,6,6,3,6,1,7,1,6,
						6,6,1,1,6,6,6,6,3,3,3,3,3,3,3,3,6,6,3,6,1,7,1,6,
						6,6,6,6,6,6,6,6,3,3,3,3,3,3,3,3,6,6,3,6,6,6,1,6,
						6,6,6,6,6,6,6,6,3,3,3,3,3,3,3,3,6,6,3,6,6,6,6,6,
						6,6,6,6,6,6,6,6,3,3,3,3,3,3,3,3,6,6,3,6,6,6,6,6,
						6,6,6,6,6,6,6,6,3,3,3,3,3,3,3,3,6,6,3,1,1,6,6,6,
						6,6,6,6,6,6,6,6,3,3,3,3,3,3,3,3,6,6,1,1,1,6,6,6,
						6,6,6,6,6,6,6,6,6,6,6,6,6,6,6,6,6,6,6,6,6,6,6,6
			};
			
			Sprite WAD2 = new Sprite(new Point(0,0), new Point(64,64), Util.m_mMain.GetImage("WAD4.gif") ,1, false, false);
			Level lworld= new Level(world, 24, 24, WAD2, 64, 64);
			lworld.AddImageToWad(Util.m_mMain.GetImage("WAD2NV.gif"));
			int [] solids4 = new int[2];
			solids4[0] = -1;
			solids4[1] = -1;
			lworld.SetSolids(solids4); 
			Util.m_lWorld = new Level(lworld);
			*/
			
/*			int [] world = 
			{
				0, 0, 0, 0, 0, 0, 0, 1,  0, 7, 0, 0, 0, 0, 0, 0,  
				7, 0, 7, 0, 0, 0, 0, 1,  0, 6, 0, 0, 0, 0, 0, 0, 
				6, 0, 6, 0, 0, 0, 0, 1,  0, 6, 0, 0, 0, 0, 0, 0,  
				6, 0, 0, 0, 0, 7, 0, 1,  0, 6, 0, 7, 0, 0, 0, 0,  
				0, 0, 0, 0, 0, 6, 0, 1,  0, 6, 0, 6, 0, 0, 0, 0,  
				0, 0, 0, 7, 0, 6, 0, 1,  0, 0, 0, 6, 0, 7, 0, 0,  
				0, 0, 0, 6, 0, 0, 0, 1,  0, 0, 0, 6, 0, 6, 0, 0,  
				0, 0, 0, 6, 0, 0, 0, 1,  0, 0, 0, 0, 0, 0, 0, 0, 
				0, 10,0, 10,0, 0, 0, 15, 0,10, 0,10, 0, 0, 0, 0, 
				16,16,16,16,16,16,16,16,16,16,16,16,16,16,16,16, 
				13,13,13,13,13,13,13,13,13,13,13,13,13,13,13,13, 
				13,13,13,13,13,13,13,13,13,13,13,13,13,13,13,13, 
				13,13,13,13,13,13,13,13,13,13,13,13,13,13,13,13, 
				13,13,13,13,13,13,13,13,13,13,13,13,13,13,13,13, 
				13,13,13,13,13,13,13,13,13,13,13,13,13,13,13,13,
				11,11,11,11,11,11,11,11,11,11,11,11,11,11,11,11, 
				0, 10,0, 10,0, 0, 0, 14, 0,10, 0,10, 0, 0, 0, 0,  
				9, 9, 9, 9, 9, 9, 9,  1, 9, 9, 9, 9, 9, 9, 9, 9,  
				8, 8, 8, 8, 8, 8, 8,  1, 8, 8, 8, 8, 8, 8, 8, 8,
				8, 8, 8, 8, 8, 8, 8,  1, 8, 8, 8, 8, 8, 8, 8, 8, 
				17,17,17,17,17,17,17, 1,17,17,17,17,17,17,17,17,  
				0, 10,0, 10,0, 0, 0, 15, 0,10, 0,10, 0, 0, 0, 0, 
				16,16,16,16,16,16,16,16,16,16,16,16,16,16,16,16,  
				13,13,13,13,13,13,13,13,13,13,13,13,13,13,13,13,  
				13,13,13,13,13,13,13,13,13,13,13,13,13,13,13,13,  
				13,13,13,13,13,13,13,13,13,13,13,13,13,13,13,13,  
				13,13,13,13,13,13,7 ,11,13,13,13,13,13,13,13,13,  
				13,13,13,13,13,13,6 ,14,11,13,13,13,13,13,13,13,  
				13,13,13,13,13,13,6,  1,10,13,13,13,13,13,13,13,  
				13,13,13,13,13,13,10, 1,10,13,13,13,13,13,13,13,  
				13,13,13,13,13,13,0,  1, 0,13,13,13,13,13,13,13,  
				13,13,13,13,13,13,16,15,16,13,13,13,13,13,13,13,  
				13,13,13,13,13,13,13,16,13,13,13,13,13,13,13,13, 
				13,13,13,13,13,13,13,13,13,13,13,13,13,13,13,13, 
				13,13,13,13,13,13,13,13,13,13,13,13,13,13,13,13,  
				13,13,13,13,13,13,13,13,13,13,13,13,13,13,13,13,   
				13,13,13,13,13,13,13,13,13,13,13,13,13,13,13,13, 
				13,13,13,13,13,13,13,13,13,13,13,13,13,13,13,13,  
				13,13,13,13,13,13,13,13,13,13,13,13,13,13,13,13, 
				11,11,11,11,11,11,11,11,11,11,11,11,11,11,11,11, 
				0, 0, 0, 0, 0, 0, 0, 14, 2, 0, 0, 0, 0, 0, 0, 0, 
				0, 0, 10,0, 10,0, 0, 1,  0, 10,0, 0, 0,10, 0, 0, 
				0, 0, 0, 0, 0, 0, 0, 1,  0, 0, 0,10, 0, 10,0, 0, 
				0, 10,0, 0, 0, 0, 0, 1,  0, 0, 0, 0, 0, 0, 0, 0, 
				0, 0, 0, 0, 0, 0, 0, 1,  0, 10,0, 0, 0, 0, 0, 0, 
				0, 0, 0, 0,10, 0, 0, 1,  0, 0, 10,0, 10,0, 0, 0, 
				0, 0, 0, 0, 0, 0, 0, 2,  0, 0, 0, 0, 0, 0, 0, 0, 
				0, 0, 10,0, 7, 0, 0, 3,  0, 0, 0, 0, 10,0, 0, 0, 
				0, 0, 0, 0, 6, 0, 0, 1,  0, 0, 7, 0, 0, 0, 0, 0, 
				5, 5, 5, 5, 6, 5, 5, 4,  5, 5, 6, 5, 5, 5, 5, 5, 
				0, 0, 7, 0, 6, 0, 0, 1,  7, 0, 6, 0, 0, 0, 0, 0, 
				0, 0, 6, 0, 0, 0, 0, 3,  6, 0, 6, 0, 0, 0, 0, 0, 
				0, 0, 6, 0, 7, 0, 0, 2,  6, 0, 6, 0, 0, 10,0, 0, 
				7, 0, 6, 0, 6, 7, 0, 1,  0, 0, 0, 0, 10,0, 0, 0, 
				6, 0, 6, 0, 0, 6, 0, 1,  0, 0, 0, 0, 0, 0, 0, 0, 
				0, 0, 6, 0, 0, 6, 0, 1,  0, 0, 0, 0, 0, 0, 0, 0, 
				0, 0, 0, 0, 0, 0, 0, 1,  0, 0, 0, 0, 0, 0, 0, 0, 
				0, 0, 0, 0, 0, 0, 0, 1,  0, 0, 0, 0, 0, 0, 0, 0, 
				0, 0, 0, 0, 0, 0, 0, 1,  0, 0, 0, 0, 0, 0, 0, 0, 
				0, 0, 0, 10,0, 0, 0, 3,  0, 0, 0, 0, 0, 0, 0, 0, 
				0, 0, 0, 0, 0, 0, 0, 2,  0, 0, 0, 0, 0, 0, 0, 0, 
				0, 0, 0, 0, 0, 0, 0, 1,  0, 0, 0, 0, 0, 0, 0, 0, 
				0, 0, 0, 0, 0, 0, 0, 1,  0, 0, 0, 0, 0, 0, 0, 0, 
				0, 0, 0, 0, 0, 0, 0, 1,  0, 0, 0, 0, 0, 0, 0, 0, 
				0, 0, 0, 0, 0, 0, 0, 15, 0, 0, 0, 0, 0, 0, 0, 0, 
				9, 9, 9, 9, 9, 9, 9, 9,  9, 9, 9, 9, 9, 9, 9, 9, 
				8, 8, 8, 8, 8, 8, 8, 8,  8, 8, 8, 8, 8, 8, 8, 8, 
				8, 8, 8, 8, 8, 8, 8, 8,  8, 8, 8, 8, 8, 8, 8, 8, 
				8, 8, 8, 8, 8, 8, 8, 8,  8, 8, 8, 8, 8, 8, 8, 8, 
				8, 8, 8, 8, 8, 8, 8, 8,  8, 8, 8, 8, 8, 8, 8, 8, 
				8, 8, 8, 8, 8, 8, 8, 8,  8, 8, 8, 8, 8, 8, 8, 8, 
				8, 8, 8, 8, 8, 8, 8, 8,  8, 8, 8, 8, 8, 8, 8, 8, 
				8, 8, 8, 8, 8, 8, 8, 8,  8, 8, 8, 8, 8, 8, 8, 8, 
				8, 8, 8, 8, 8, 8, 8, 8,  8, 8, 8, 8, 8, 8, 8, 8, 
				8, 8, 8, 8, 8, 8, 8, 8,  8, 8, 8, 8, 8, 8, 8, 8, 
				8, 8, 8, 8, 8, 8, 8, 8,  8, 8, 8, 8, 8, 8, 8, 8, 
				8, 8, 8, 8, 8, 8, 8, 8,  8, 8, 8, 8, 8, 8, 8, 8, 
				8, 8, 8, 8, 8, 8, 8, 8,  8, 8, 8, 8, 8, 8, 8, 8, 
				8, 8, 8, 8, 8, 8, 8, 8,  8, 8, 8, 8, 8, 8, 8, 8, 
				8, 8, 8, 8, 8, 8, 8, 8,  8, 8, 8, 8, 8, 8, 8, 8, 
				8, 8, 8, 8, 8, 8, 8, 8,  8, 8, 8, 8, 8, 8, 8, 8, 
				8, 8, 8, 8, 8, 8, 8, 8,  8, 8, 8, 8, 8, 8, 8, 8
			};
			
			Sprite WAD2 = new Sprite(new Point(0,0), new Point(64,64), Util.m_mMain.GetImage("WAD3.jpg") ,1, false, false);
			Level lworld= new Level(world, 16, 82, WAD2, 64, 64);
			lworld.AddImageToWad(Util.m_mMain.GetImage("WAD3NV.jpg"));
			lworld.AddImageToWad(Util.m_mMain.GetImage("WAD3dark1.jpg"));
			lworld.AddImageToWad(Util.m_mMain.GetImage("WAD3dark2.jpg"));
			lworld.AddImageToWad(Util.m_mMain.GetImage("WAD3dark3.jpg"));
			int [] solids4 = new int[2];
			solids4[0] = -1;
			solids4[1] = -1;
			lworld.SetSolids(solids4); */
			/*
			Level lworld = Level.LoadLevel("level1.lvl");
			
			Util.m_lWorld = new Level(lworld);
			
			int [] battle = 
			{
						5,5,5,5,5,5,5,5,
						5,2,2,2,2,2,2,5,
						5,2,2,2,2,2,2,5,
						5,2,2,2,2,2,2,5,
						5,2,2,2,2,2,2,5,
						5,2,2,2,2,2,2,5,
						5,2,2,2,2,2,2,5,
						5,5,5,5,2,5,5,5
			};
			
			Sprite WAD3 = new Sprite(new Point(0,0), new Point(64,64), Util.m_mMain.GetImage("WAD3.jpg") ,1, false, false);
			Level lbattle = new Level(battle, 8, 8, WAD3, 64, 64);
			lbattle.AddImageToWad(Util.m_mMain.GetImage("WAD2NV.gif"));
			int [] solids5 = new int[2];
			solids5[0] = 4;
			solids5[1] = 5;
			lbattle.SetSolids(solids5); 
			Util.m_lBattle = new Level(lbattle);
			
			
			int [] map2 = 
			{
						5,5,5,5,5,5,5,5,
						5,2,2,2,2,2,2,5,
						5,2,2,2,2,2,2,5,
						5,2,2,2,2,2,2,5,
						5,2,2,2,2,2,2,5,
						5,2,2,2,2,2,2,5,
						5,2,2,2,2,2,2,5,
						5,5,5,5,2,5,5,5
			};
			
			Sprite WAD4 = new Sprite(new Point(0,0), new Point(64,64), Util.m_mMain.GetImage("WAD4.gif") ,1, false, false);
			Level house = new Level(map2, 8, 8, WAD4, 64, 64);
			house.AddImageToWad(Util.m_mMain.GetImage("WAD2NV.gif"));
			int [] solids2 = new int[2];
			solids2[0] = 4;
			solids2[1] = 5;
			house.SetSolids(solids2);
			
			int [] map = 
			{
				0,0,4,4,4,4,4,4, 4,4,4,4,0,0,0,0,
				0,0,4,4,4,4,4,4, 4,4,4,4,0,0,0,0,
				0,0,5,5,5,5,5,5, 5,5,5,5,0,0,0,0,
				0,0,5,3,3,5,5,5, 5,3,3,5,0,0,0,0,
				0,0,5,5,5,5,3,5, 5,5,5,5,0,0,0,0,
				0,0,5,5,5,5,3,5, 5,5,5,5,0,0,0,0,
				0,0,0,0,0,0,2,0, 0,0,0,0,0,0,0,0,
				0,0,0,0,0,0,2,0, 0,0,0,0,0,0,0,0,
				0,0,0,0,0,0,2,0, 0,0,0,0,0,0,0,0,
				0,0,0,0,0,0,2,0, 0,0,0,0,0,0,0,0,
				0,0,0,0,0,0,2,0, 0,0,0,0,0,0,0,0,
				0,0,0,0,0,0,2,0, 0,0,0,0,0,0,0,0,
				0,0,0,0,0,0,2,0, 0,0,0,0,0,0,0,0,
				0,0,0,0,0,0,2,0, 0,0,0,0,0,0,0,0,
				0,0,0,0,0,0,2,0, 0,0,0,0,0,0,0,0,
				2,2,2,2,2,2,2,0, 0,0,0,0,0,0,0,0,
				0,0,0,0,0,0,0,0, 0,0,0,0,0,0,0,0,
				0,0,0,0,0,0,0,0, 0,0,0,0,0,0,1,1,
				0,0,0,0,0,0,0,0, 0,0,0,0,0,1,1,0,
				0,0,0,0,0,0,0,0, 0,0,0,0,1,1,0,0,
				0,0,0,0,0,0,0,0, 0,0,0,0,1,1,0,0,
				0,0,0,0,0,0,0,0, 0,0,0,0,1,1,0,0,
				0,0,0,0,0,0,0,0, 0,0,1,1,1,0,0,0,
				0,0,0,0,0,0,0,0, 0,1,1,0,0,0,0,0,
				0,0,0,0,0,0,0,0, 1,1,1,0,0,0,0,0,
				0,0,0,0,0,0,0,1, 1,1,0,0,0,0,0,0,
				0,0,0,0,0,0,1,1, 1,1,0,0,0,0,0,0,
				0,0,0,0,0,0,1,1, 1,1,0,0,0,0,0,0,
				0,0,0,0,0,1,1,1, 1,1,0,0,0,0,0,0,
				0,0,0,0,1,1,0,0, 0,0,0,0,0,0,0,0,
				0,0,0,1,1,0,0,0, 0,0,0,0,0,0,0,0,
				0,0,1,1,0,0,0,0, 0,0,0,3,0,0,0,0,
				0,1,1,0,0,0,0,0, 0,0,0,0,0,0,0,0,
				1,1,0,0,0,0,0,0, 0,0,0,0,0,0,0,0,
				1,1,0,0,0,0,0,0, 0,0,0,0,0,0,0,0,
				1,0,0,0,0,0,0,0, 2,2,2,2,2,2,2,2,
				1,0,0,0,0,0,0,0, 2,0,0,0,0,0,0,0,
				1,0,0,0,0,0,0,0, 2,0,0,0,0,0,0,0,
				1,0,0,0,0,0,0,0, 2,0,0,0,0,0,0,0,
				1,1,1,0,0,0,0,0, 2,0,0,0,0,0,0,0,
				1,1,1,1,0,0,0,0, 2,0,0,0,0,0,0,0
			};
			
			Sprite WAD = new Sprite(new Point(0,0), new Point(64,64), Util.m_mMain.GetImage("WAD4.gif") ,1, false, false);
			Level level = new Level(map, 16, 41, WAD, 64, 64);
			level.AddImageToWad(Util.m_mMain.GetImage("WAD2NV.gif"));
			int [] solids = new int[2];
			solids[0] = 4;
			solids[1] = 5;
			level.SetSolids(solids);
		*/
			ArrayList e = new ArrayList();
		//	Entity_Teleport tp = new Entity_Teleport(-32,-32,0,0,new Point(4*64,6*64));
		//	Entity_Teleport tp2 = new Entity_Teleport(-32,-32,0,0,new Point(6*64,6*64));
		//	Entity_LevelChange cl2 = new Entity_LevelChange(6* 64,5*64,64,64,house);
		//	cl2.m_eTarget = tp;
		//	e.add(cl2);
			
		//	Entity_LevelChange cl = new Entity_LevelChange(4 * 64,7*64,64,64,level);
		//	cl.m_eTarget = tp2;
		//	ArrayList e2 = new ArrayList();
		//	e2 = new ArrayList();
		//	e2.add(cl);
		/*			
			Entity_PlayerSpawnPoint sp = new Entity_PlayerSpawnPoint(PLAYER1_START_POS.x,PLAYER1_START_POS.y,0,0,new Point(300,4800),1);
			e.add(sp);
			sp = new Entity_SpawnPoint(PLAYER2_START_POS.x,PLAYER1_START_POS.y,0,0,new Point(300,4800),2);
			e.add(sp);
		*/
		//	level.SetEntities(e);
		//	house.SetEntities(e2);
			
		//	cl2.m_lLevel = new Level(house);
		//	cl.m_lLevel = new Level(level);
		/*
			Util.m_lTown = new Level(level);
			Util.SetLevel(level);
			Util.m_lCurrentLevel = new Level(level);
		*/