createLevel
level2
16
82
5,0,0,0,0,0,6,0,0,0,0,0,0,0,0,0,
4,0,0,0,10,0,0,0,0,0,0,0,0,0,9,0,
0,0,0,5,0,0,0,0,0,0,5,0,0,0,0,0,
0,13,0,0,0,0,0,0,0,0,3,11,4,0,0,0,
2,0,0,0,0,0,0,0,0,0,0,0,0,0,5,0,
0,0,0,0,0,0,1,0,0,0,0,0,0,0,14,0,
0,0,0,0,0,9,0,0,0,0,0,0,0,0,0,0,
0,0,0,0,11,0,0,0,0,0,0,0,0,0,0,0,
0,0,0,0,0,0,0,0,0,0,0,0,0,3,0,12,
0,0,0,0,0,9,0,0,0,0,0,0,0,0,0,0,
0,0,0,0,11,0,3,0,0,0,0,0,12,0,0,0,
0,0,0,6,0,0,0,0,0,0,1,0,0,0,0,0,
0,0,0,0,0,0,0,0,0,15,0,0,0,0,0,0,
4,5,0,0,0,0,0,0,0,0,4,0,0,0,0,0,
10,0,0,0,0,9,0,0,0,0,0,0,0,5,0,0,
0,0,0,0,0,0,0,0,0,0,0,12,0,0,6,0,
0,0,2,5,0,0,0,0,0,0,0,0,0,0,0,0,
4,0,0,0,0,0,0,6,0,0,0,0,0,0,0,0,
0,0,0,0,0,0,2,0,0,0,5,0,0,0,0,0,
12,0,3,0,0,0,16,0,0,0,0,0,0,0,1,0,
0,10,0,0,0,0,0,0,0,0,0,9,0,0,0,0,
0,0,0,0,0,0,0,0,0,0,0,0,0,0,0,0,
17,0,0,0,0,0,6,0,0,0,0,0,0,0,0,0,
0,0,0,0,5,0,0,0,0,4,0,0,0,0,0,0,
0,4,0,0,0,0,0,0,0,0,0,5,0,0,0,4,
9,0,0,0,0,2,0,0,0,0,0,0,0,6,0,0,
0,0,0,0,0,0,0,0,11,0,0,3,0,0,0,0,
0,0,0,0,0,0,0,0,0,0,0,0,0,0,0,9,
0,0,0,0,0,0,0,0,0,0,0,0,0,0,12,0,
0,0,0,0,0,0,0,11,0,0,0,0,0,0,0,4,
0,0,0,0,0,0,0,0,0,0,0,0,0,6,0,0,
2,0,0,11,0,0,0,0,0,3,0,0,0,0,17,0,
0,9,0,0,5,0,0,5,0,0,0,0,0,1,0,0,
4,0,4,0,0,0,2,0,0,0,0,12,0,0,0,0,
0,0,0,0,0,0,6,0,0,0,0,5,0,0,0,0,
0,0,0,0,0,0,0,0,0,0,0,0,0,0,10,0,
0,0,1,17,0,0,0,0,0,0,9,0,0,0,0,0,
0,0,0,0,0,0,0,0,0,0,0,0,0,0,0,0,
0,12,0,0,0,0,11,0,0,0,2,4,0,0,0,0,
0,0,0,0,6,0,0,0,0,0,5,0,0,4,0,0,
0,0,5,0,0,0,16,0,0,0,4,0,0,0,0,0,
0,1,4,0,0,0,0,0,0,0,0,0,0,0,1,0,
0,0,9,0,6,0,3,0,0,0,0,0,0,0,0,0,
5,0,0,4,5,4,0,0,0,0,0,0,0,11,0,0,
0,0,0,0,0,0,0,0,0,0,4,0,0,0,0,0,
0,0,0,0,0,0,0,0,2,0,0,0,0,3,0,0,
0,0,10,0,0,0,0,0,0,0,0,0,0,0,0,0,
0,0,0,0,0,0,0,6,0,0,10,0,9,0,0,0,
0,0,0,0,3,0,0,0,0,0,0,0,0,12,0,0,
0,12,0,11,0,0,0,0,9,0,0,0,0,0,0,5,
4,0,0,0,0,0,0,0,0,0,10,0,0,0,0,0,
0,9,0,0,0,0,0,0,0,0,0,0,0,0,0,0,
5,0,0,0,11,0,0,0,0,0,0,12,0,0,0,0,
1,6,0,0,0,0,15,0,0,0,0,0,0,0,0,5,
4,5,0,0,0,0,0,0,0,11,0,0,5,0,0,10,
0,0,0,0,0,0,0,0,0,0,0,0,0,6,0,0,
0,0,0,1,0,0,0,0,0,0,9,0,0,0,0,0,
12,0,0,0,9,0,8,0,0,0,0,4,0,11,0,0,
0,0,0,0,0,0,0,0,0,0,0,0,0,0,0,0,
0,2,14,0,0,0,0,0,0,0,0,0,0,0,0,0,
0,0,0,0,0,0,10,0,2,0,0,0,0,0,0,12,
0,0,12,0,0,0,0,0,0,0,0,0,0,0,0,0,
0,0,0,3,0,0,0,1,0,11,0,5,0,0,0,0,
0,9,0,0,0,0,0,0,0,0,0,9,0,0,0,0,
0,0,0,0,5,0,0,0,0,0,0,0,0,6,0,0,
0,0,11,0,0,6,0,0,0,0,0,11,0,0,0,0,
4,0,0,0,0,0,0,0,4,0,0,0,0,2,0,4,
0,0,0,0,0,0,0,0,0,0,0,0,0,0,0,0,
0,0,10,0,0,13,0,0,0,0,0,0,0,0,0,0,
3,0,0,9,0,0,0,0,0,2,0,0,0,0,0,0,
0,0,5,0,0,0,4,5,0,0,0,0,0,0,5,0,
0,0,0,0,0,0,0,6,0,0,0,0,0,0,0,0,
0,0,0,0,0,0,0,0,0,0,0,0,0,0,0,0,
0,0,4,0,0,0,2,0,0,0,0,0,0,0,0,2,
0,0,0,0,0,0,0,0,0,0,0,0,0,6,0,0,
0,0,0,12,0,0,10,0,0,0,0,0,0,0,0,0,
0,0,0,0,0,0,0,0,0,0,0,0,0,0,14,0,
0,0,1,0,0,7,0,0,0,0,0,3,0,0,0,0,
0,0,0,0,0,0,0,0,0,0,0,0,0,0,0,12,
0,0,0,0,0,0,0,0,0,0,6,0,0,1,0,0,
4,0,0,0,0,0,0,0,0,0,0,0,0,0,0,0,
0,0,0,0,10,0,5,0,0,0,0,0,10,0,0,0,


createPlayer
64
4448
264
4884
hunter
laser

create_enemy(-50,  13, 1, no, 0, 0, no);
create_enemy(-51,  13, 2, no, 0, 0, no);
create_enemy(-105, 13, 3, no, 0, 0, no);
create_enemy(-106, 13, 4, no, 0, 0, no);
create_enemy(-150, 13, 3, no, 0, 0, no);
create_enemy(-151, 13, 4, no, 0, 0, no);
create_enemy(-205, 13, 1, no, 0, 0, no);
create_enemy(-206, 13, 2, no, 0, 0, no);
create_enemy(-250, 13, 1, no, 0, 0, no);
create_enemy(-251, 13, 2, no, 0, 0, no);
create_enemy(-290, 13, 3, no, 0, 0, no);
create_enemy(-291, 13, 4, no, 0, 0, no);


create_enemy(50,  1, 1, no, 0, 0, no);
create_enemy(75,  1, 2, no, 0, 0, no);
create_enemy(105, 1, 3, no, 0, 0, no);
create_enemy(125, 1, 4, no, 0, 0, no);
create_enemy(205, 1, 1, no, 0, 0, no);
create_enemy(225, 1, 2, no, 0, 0, no);
create_enemy(250, 2, 1, no, 0, 0, no);
create_enemy(275, 2, 2, no, 0, 0, no);
create_enemy(310, 3, 0, no, 0, 0, no);
create_enemy(340, 2, 4, no, 0, 0, no);
create_enemy(370, 2, 4, no, 0, 0, no);
create_enemy(460, 2, 4, no, 0, 0, no);
create_enemy(520, 2, 4, no, 0, 0, no);
create_enemy(550, 2, 4, no, 0, 0, no);
create_enemy(610, 2, 4, no, 0, 0, no);
//if (g_time == 610)
//{
//	power_up(addhealth);
//}
create_enemy(660, 1, 0, no, 0, 0, yes);
create_enemy(685, 1, 0, no, 0, 0, yes);
create_enemy(710, 1, 0, no, 0, 0, yes);
create_enemy(735, 1, 0, no, 0, 0, yes);
create_enemy(760, 1, 0, no, 0, 0, yes);
create_enemy(785, 1, 0, no, 0, 0, yes);
//if (g_time == 761)
//{
//	power_up(addhealth);
//}
create_enemy(810, 2, 3, no, 0, 0, no);
create_enemy(840, 2, 3, no, 0, 0, no);
create_enemy(870, 2, 3, no, 0, 0, no);
create_enemy(930, 2, 3, no, 0, 0, no);
create_enemy(960, 2, 3, no, 0, 0, no);
create_enemy(990, 2, 3, no, 0, 0, no);
create_enemy(1080, 2, 3, no, 0, 0, no);
//if (g_time == 1080)
//{
//	power_up(addhealth);
//}
create_enemy(1110, 1, 0, no, 0, 0, no);
create_enemy(1140, 1, 0, no, 0, 0, no);
create_enemy(1170, 1, 0, no, 0, 0, no);
//if (g_time == 1210)
//{
//	power_up(addhealth);
//}
create_enemy(1310, 13, 0, no, 0, 0, no);
create_enemy(1340, 13, 0, no, 0, 0, no);
create_enemy(1410, 13, 1, no, 0, 0, no);
create_enemy(1440, 13, 1, no, 0, 0, no);
//if (g_time == 1471)
//{
//	power_up(addhealth);
//}
create_enemy(1510, 13, 3, no, 0, 0, no);
create_enemy(1540, 13, 4, no, 0, 0, no);
//if (g_time == 1571)
//{
//	power_up(addhealth);
//}
create_enemy(1630, 3, 0, no, 0, 0, no);
create_enemy(1730, 3, 0, no, 0, 0, no);
create_enemy(1810, 1, 1, no, 0, 0, no);
create_enemy(1825, 1, 1, no, 0, 0, no);
create_enemy(1855, 1, 1, no, 0, 0, no);
create_enemy(1870, 1, 1, no, 0, 0, no);
create_enemy(1885, 1, 1, no, 0, 0, no);
create_enemy(1910, 1, 2, no, 0, 0, no);
create_enemy(1925, 1, 2, no, 0, 0, no);
create_enemy(1940, 1, 2, no, 0, 0, no);
create_enemy(1970, 1, 2, no, 0, 0, no);
create_enemy(1985, 1, 2, no, 0, 0, no);
create_enemy(2010, 3, 3, no, 0, 0, no);
create_enemy(2110, 3, 4, no, 0, 0, no);

loadLevelOnCollision
level3
64
2198