createLevel
wad3
16
82
0,0,0,0,0,0,0,1,0,7,0,0,0,0,0,0,
7,0,7,0,0,0,0,1,0,6,0,0,0,0,0,0,
6,0,6,0,0,0,0,1,0,6,0,0,0,0,0,0,
6,0,0,0,0,7,0,1,0,6,0,7,0,0,0,0,
0,0,0,0,0,6,0,1,0,6,0,6,0,0,0,0,
0,0,0,7,0,6,0,1,0,0,0,6,0,7,0,0,
0,0,0,6,0,0,0,1,0,0,0,6,0,6,0,0,
0,0,0,6,0,0,0,1,0,0,0,0,0,0,0,0,
0,10,0,10,0,0,0,15,0,10,0,10,0,0,0,0,
16,16,16,16,16,16,16,16,16,16,16,16,16,16,16,16,
13,13,13,13,13,13,13,13,13,13,13,13,13,13,13,13,
13,13,13,13,13,13,13,13,13,13,13,13,13,13,13,13,
13,13,13,13,13,13,13,13,13,13,13,13,13,13,13,13,
13,13,13,13,13,13,13,13,13,13,13,13,13,13,13,13,
13,13,13,13,13,13,13,13,13,13,13,13,13,13,13,13,
11,11,11,11,11,11,11,11,11,11,11,11,11,11,11,11,
0,10,0,10,0,0,0,14,0,10,0,10,0,0,0,0,
9,9,9,9,9,9,9,1,9,9,9,9,9,9,9,9,
8,8,8,8,8,8,8,1,8,8,8,8,8,8,8,8,
8,8,8,8,8,8,8,1,8,8,8,8,8,8,8,8,
17,17,17,17,17,17,17,1,17,17,17,17,17,17,17,17,
0,10,0,10,0,0,0,15,0,10,0,10,0,0,0,0,
16,16,16,16,16,16,16,16,16,16,16,16,16,16,16,16,
13,13,13,13,13,13,13,13,13,13,13,13,13,13,13,13,
13,13,13,13,13,13,13,13,13,13,13,13,13,13,13,13,
13,13,13,13,13,13,13,13,13,13,13,13,13,13,13,13,
13,13,13,13,13,13,7,11,13,13,13,13,13,13,13,13,
13,13,13,13,13,13,6,14,11,13,13,13,13,13,13,13,
13,13,13,13,13,13,6,1,10,13,13,13,13,13,13,13,
13,13,13,13,13,13,10,1,10,13,13,13,13,13,13,13,
13,13,13,13,13,13,0,1,0,13,13,13,13,13,13,13,
13,13,13,13,13,13,16,15,16,13,13,13,13,13,13,13,
13,13,13,13,13,13,13,16,13,13,13,13,13,13,13,13,
13,13,13,13,13,13,13,13,13,13,13,13,13,13,13,13,
13,13,13,13,13,13,13,13,13,13,13,13,13,13,13,13,
13,13,13,13,13,13,13,13,13,13,13,13,13,13,13,13,
13,13,13,13,13,13,13,13,13,13,13,13,13,13,13,13,
13,13,13,13,13,13,13,13,13,13,13,13,13,13,13,13,
13,13,13,13,13,13,13,13,13,13,13,13,13,13,13,13,
11,11,11,11,11,11,11,11,11,11,11,11,11,11,11,11,
0,0,0,0,0,0,0,14,7,0,0,0,0,0,0,0,
0,0,10,0,10,0,0,1,0,10,0,0,0,10,0,0,
0,0,0,0,0,0,0,1,0,0,0,10,0,10,0,0,
0,10,0,0,0,0,0,1,0,0,0,0,0,0,0,0,
0,0,0,0,0,0,0,1,0,10,0,0,0,0,0,0,
0,0,0,0,10,0,0,1,0,0,10,0,10,0,0,0,
0,0,0,0,0,0,0,2,0,0,0,0,0,0,0,0,
0,0,10,0,7,0,0,3,0,0,0,0,10,0,0,0,
0,0,0,0,6,0,0,1,0,0,7,0,0,0,0,0,
5,5,5,5,6,5,5,4,5,5,6,5,5,5,5,5,
0,0,7,0,6,0,0,1,7,0,6,0,0,0,0,0,
0,0,6,0,0,0,0,3,6,0,6,0,0,0,0,0,
0,0,6,0,7,0,0,2,6,0,6,0,0,10,0,0,
7,0,6,0,6,7,0,1,0,0,0,0,10,0,0,0,
6,0,6,0,0,6,0,1,0,0,0,0,0,0,0,0,
0,0,6,0,0,6,0,1,0,0,0,0,0,0,0,0,
0,0,0,0,0,0,0,1,0,0,0,0,0,0,0,0,
0,0,0,0,0,0,0,1,0,0,0,0,0,0,0,0,
0,0,0,0,0,0,0,1,0,0,0,0,0,0,0,0,
0,0,0,10,0,0,0,3,0,0,0,0,0,0,0,0,
0,0,0,0,0,0,0,2,0,0,0,0,0,0,0,0,
0,0,0,0,0,0,0,1,0,0,0,0,0,0,0,0,
0,0,0,0,0,0,0,1,0,0,0,0,0,0,0,0,
0,0,0,0,0,0,0,1,0,0,0,0,0,0,0,0,
0,0,0,0,0,0,0,15,0,0,0,0,0,0,0,0,
9,9,9,9,9,9,9,9,9,9,9,9,9,9,9,9,
8,8,8,8,8,8,8,8,8,8,8,8,8,8,8,8,
8,8,8,8,8,8,8,8,8,8,8,8,8,8,8,8,
8,8,8,8,8,8,8,8,8,8,8,8,8,8,8,8,
8,8,8,8,8,8,8,8,8,8,8,8,8,8,8,8,
8,8,8,8,8,8,8,8,8,8,8,8,8,8,8,8,
8,8,8,8,8,8,8,8,8,8,8,8,8,8,8,8,
8,8,8,8,8,8,8,8,8,8,8,8,8,8,8,8,
8,8,8,8,8,8,8,8,8,8,8,8,8,8,8,8,
8,8,8,8,8,8,8,8,8,8,8,8,8,8,8,8,
8,8,8,8,8,8,8,8,8,8,8,8,8,8,8,8,
8,8,8,8,8,8,8,8,8,8,8,8,8,8,8,8,
8,8,8,8,8,8,8,8,8,8,8,8,8,8,8,8,
8,8,8,8,8,8,8,8,8,8,8,8,8,8,8,8,
8,8,8,8,8,8,8,8,8,8,8,8,8,8,8,8,
8,8,8,8,8,8,8,8,8,8,8,8,8,8,8,8,
8,8,8,8,8,8,8,8,8,8,8,8,8,8,8,8,


createPlayer
64
4448
264
4884
hunter
laser

/*
createAlly
64
4448
300
4884
calumniator
machinegun
*/


create_enemy(-50,  13, 1, no, 0, 0, no);
create_enemy(-51,  13, 2, no, 0, 0, no);
create_enemy(-105, 13, 3, no, 0, 0, no);
create_enemy(-106, 13, 4, no, 0, 0, no);
create_enemy(-150, 13, 3, no, 0, 0, no);
create_enemy(-151, 13, 4, no, 0, 0, no);
create_enemy(-205, 13, 1, no, 0, 0, no);
create_enemy(-206, 13, 2, no, 0, 0, no);
create_enemy(-250, 13, 1, no, 0, 0, no);
create_enemy(-251, 13, 2, no, 0, 0, no);
create_enemy(-290, 13, 3, no, 0, 0, no);
create_enemy(-291, 13, 4, no, 0, 0, no);

create_enemy(50,  1, 0, no, 0, 0, no);
create_enemy(75,  1, 0, no, 0, 0, no);
create_enemy(100,  1, 0, no, 0, 0, no);
create_enemy(125,  1, 0, no, 0, 0, no);
create_enemy(150,  1, 0, no, 0, 0, no);
create_enemy(175,  1, 0, no, 0, 0, no);
create_enemy(200,  1, 0, no, 0, 0, no);
create_enemy(225,  2, 1, no, 0, 0, no);
create_enemy(250,  2, 2, no, 0, 0, no);
create_enemy(275,  1, 1, no, 0, 0, no);
create_enemy(300,  1, 2, no, 0, 0, no);
create_enemy(325,  1, 0, no, 0, 0, no);
create_enemy(350,  1, 0, no, 0, 0, no);
create_enemy(375,  1, 1, no, 0, 0, no);
create_enemy(400,  1, 2, no, 0, 0, no);
//if (g_time == 400)
//{
//	power_up(addhealth);
//}
create_enemy(425,  1, 1, no, 0, 0, no);
create_enemy(450,  1, 2, no, 0, 0, no);
create_enemy(500,  13, 0, no, 0, 0, no);
create_enemy(525,  13, 0, no, 0, 0, no);
create_enemy(550,  13, 0, no, 0, 0, no);
create_enemy(575,  13, 0, no, 0, 0, no);
create_enemy(600,  13, 1, no, 0, 0, no);
create_enemy(625,  13, 2, no, 0, 0, no);
create_enemy(650,  13, 1, no, 0, 0, no);
create_enemy(675,  13, 2, no, 0, 0, no);
create_enemy(700,  2, 1, no, 0, 0, no);
create_enemy(715,  1, 0, no, 0, 0, no);
create_enemy(725,  2, 2, no, 0, 0, no);
create_enemy(735,  1, 0, no, 0, 0, no);
create_enemy(750,  2, 1, no, 0, 0, no);
create_enemy(775,  2, 2, no, 0, 0, no);
create_enemy(800,  13, 0, no, 0, 0, no);
create_enemy(820,  13, 0, no, 0, 0, no);
create_enemy(840,  13, 0, no, 0, 0, no);
create_enemy(860,  13, 0, no, 0, 0, no);
create_enemy(900,  13, 1, no, 0, 0, no);
create_enemy(920,  13, 2, no, 0, 0, no);
create_enemy(940,  13, 1, no, 0, 0, no);
create_enemy(960,  13, 2, no, 0, 0, no);
//if (g_time == 960)
//{
//	power_up(addhealth);
//}
create_enemy(1050,  1, 2, no, 0, 0, no);
create_enemy(1075,  1, 2, no, 0, 0, no);
create_enemy(1100,  1, 2, no, 0, 0, no);
create_enemy(1125,  1, 2, no, 0, 0, no);
create_enemy(1135,  2, 0, no, 0, 0, no);
create_enemy(1150,  1, 2, no, 0, 0, no);
create_enemy(1175,  1, 2, no, 0, 0, no);
create_enemy(1200,  1, 2, no, 0, 0, no);
create_enemy(1225,  2, 1, no, 0, 0, no);
create_enemy(1235,  2, 0, no, 0, 0, no);
create_enemy(1250,  2, 2, no, 0, 0, no);
create_enemy(1275,  1, 1, no, 0, 0, no);
create_enemy(1300,  1, 1, no, 0, 0, no);
create_enemy(1325,  1, 1, no, 0, 0, no);
create_enemy(1350,  1, 1, no, 0, 0, no);
create_enemy(1365,  2, 0, no, 0, 0, no);
create_enemy(1375,  1, 1, no, 0, 0, no);
create_enemy(1400,  1, 1, no, 0, 0, no);
create_enemy(1425,  2, 1, no, 0, 0, no);
create_enemy(1450,  2, 2, no, 0, 0, no);
create_enemy(1500,  13, 0, no, 0, 0, no);
//if (g_time == 1500)
//{
//	power_up(addhealth);
//}
create_enemy(1525,  13, 0, no, 0, 0, no);
create_enemy(1550,  13, 0, no, 0, 0, no);
create_enemy(1565,  3, 0, no, 0, 0, no);
create_enemy(1575,  13, 0, no, 0, 0, no);
create_enemy(1600,  13, 1, no, 0, 0, no);
create_enemy(1625,  13, 2, no, 0, 0, no);
create_enemy(1650,  13, 1, no, 0, 0, no);
create_enemy(1675,  13, 2, no, 0, 0, no);
create_enemy(1700,  2, 1, no, 0, 0, no);
create_enemy(1715,  1, 0, no, 0, 0, no);
create_enemy(1725,  2, 2, no, 0, 0, no);
create_enemy(1735,  1, 0, no, 0, 0, no);
create_enemy(1750,  2, 1, no, 0, 0, no);
create_enemy(1765,  3, 0, no, 0, 0, no);
create_enemy(1775,  2, 2, no, 0, 0, no);
create_enemy(1800,  13, 1, no, 0, 0, no);
//if (g_time == 1800)
//{
//	power_up(addhealth);
//}
create_enemy(1820,  13, 2, no, 0, 0, no);
create_enemy(1840,  13, 0, no, 0, 0, no);
create_enemy(1860,  13, 0, no, 0, 0, no);
create_enemy(1885,  3, 0, no, 0, 0, no);
create_enemy(1900,  13, 1, no, 0, 0, no);
create_enemy(1920,  13, 2, no, 0, 0, no);
create_enemy(1940,  13, 1, no, 0, 0, no);
create_enemy(1960,  13, 2, no, 0, 0, no);

/*
loadLevelOnCollision
level2
64
4000
*/

loadLevelOnCollision
level2
64
2048
