createLevel
level7
16
82
5,0,0,0,0,0,6,0,0,0,0,0,0,0,0,0,
4,0,0,0,10,0,0,0,0,0,0,0,0,0,9,0,
0,0,0,5,0,0,0,0,0,0,5,0,0,0,0,0,
0,0,0,0,0,0,0,0,0,0,3,11,4,0,0,0,
2,0,0,0,0,0,0,0,0,0,0,0,0,0,5,0,
0,0,0,0,0,0,6,0,0,0,0,0,0,0,14,0,
0,0,0,0,0,9,0,0,0,0,0,0,0,0,0,0,
0,0,0,0,11,0,0,0,0,0,0,0,0,0,0,0,
0,0,0,0,0,0,0,0,0,0,0,0,0,3,0,12,
0,0,0,0,0,9,0,0,0,0,0,0,0,0,0,0,
0,0,0,0,11,0,3,0,0,0,0,0,12,0,0,0,
0,14,0,6,0,0,0,0,0,0,6,0,0,0,0,0,
0,0,0,0,0,0,0,0,0,0,0,0,0,0,0,0,
4,5,0,0,0,0,0,0,0,0,4,0,0,0,0,0,
10,0,0,0,0,9,0,0,0,0,0,0,0,5,0,0,
0,0,0,0,0,0,0,0,0,0,0,12,0,0,6,0,
0,0,5,5,0,0,0,0,0,0,0,0,0,0,0,0,
4,0,0,0,0,0,0,6,0,0,0,0,0,0,0,0,
0,0,0,0,0,0,5,0,0,0,5,0,0,0,0,0,
12,0,3,0,0,0,0,0,0,0,0,0,0,0,6,0,
0,10,0,0,0,0,0,0,0,0,0,9,0,0,0,0,
0,0,0,0,0,0,0,0,0,0,0,0,0,14,0,0,
0,0,0,0,0,0,6,0,0,0,0,0,0,0,0,0,
0,0,0,0,5,0,0,0,0,4,0,0,0,0,0,0,
0,4,0,0,0,0,0,0,0,0,0,5,0,0,0,4,
9,0,0,0,0,5,0,0,0,0,0,0,0,6,0,0,
0,0,0,0,0,0,0,0,11,0,0,3,0,0,0,0,
0,0,0,0,14,0,0,0,0,0,0,0,0,0,0,9,
0,0,0,0,0,0,0,0,0,0,0,0,0,0,12,0,
0,0,0,0,0,0,0,11,0,0,0,0,0,0,0,4,
0,0,0,0,0,0,0,0,0,0,0,0,0,6,0,0,
2,0,0,11,0,0,0,0,0,3,0,0,0,0,0,0,
0,9,0,0,5,0,0,5,0,0,0,0,0,6,0,0,
4,0,4,0,0,0,5,0,0,0,0,12,0,0,0,0,
0,0,0,0,0,0,6,0,0,0,0,5,0,0,0,0,
0,0,0,0,0,0,0,0,0,0,0,0,0,0,10,0,
0,0,6,0,0,0,0,0,0,0,9,0,0,0,0,0,
0,0,0,0,0,0,0,0,0,0,0,0,0,0,0,0,
0,12,0,0,0,0,11,0,0,0,5,4,0,14,0,0,
0,0,0,0,13,0,0,0,0,0,5,0,0,4,0,0,
0,0,5,0,0,0,0,0,0,0,4,0,0,0,0,0,
0,8,4,0,0,0,0,0,0,0,0,0,0,0,5,0,
0,0,9,0,6,0,3,0,0,0,0,0,0,0,0,0,
5,0,0,4,5,4,0,0,0,0,0,0,0,11,0,0,
0,0,0,0,0,0,0,0,0,0,4,0,0,0,0,0,
0,0,14,0,0,0,0,0,7,0,0,0,0,3,0,0,
0,0,10,0,0,0,0,0,0,0,0,0,0,0,0,0,
0,0,0,0,0,0,0,6,0,0,10,0,9,0,0,0,
0,0,0,0,9,0,0,0,0,0,0,0,0,12,0,0,
0,12,0,11,0,0,0,0,9,0,0,0,0,0,0,5,
4,0,0,0,0,0,0,0,0,0,10,0,0,0,0,0,
0,9,0,0,0,0,0,0,0,0,0,0,0,0,0,0,
5,0,0,0,11,0,0,0,0,0,0,12,0,0,0,0,
1,6,0,0,0,0,0,0,0,0,0,0,0,0,0,5,
4,5,0,4,0,0,0,0,0,11,0,0,5,0,0,10,
0,0,0,0,0,0,0,0,0,0,0,0,0,6,0,0,
0,0,0,7,0,8,0,0,0,0,9,0,0,0,0,0,
12,0,0,0,9,0,8,0,3,0,0,4,0,11,0,0,
0,0,0,0,0,0,0,0,0,0,0,0,0,0,0,0,
0,5,0,14,0,0,0,0,0,0,0,0,0,0,0,0,
0,0,0,0,0,0,10,0,5,0,0,0,0,0,0,12,
0,0,12,0,0,0,0,0,0,0,0,4,0,0,0,0,
0,0,0,6,0,0,0,1,0,11,0,5,0,0,0,0,
0,9,0,0,0,0,0,0,0,0,0,9,0,0,0,0,
0,0,0,0,5,0,0,0,0,0,0,0,0,6,0,0,
0,0,5,7,0,0,6,0,0,0,0,0,4,1,0,0,0,0,
4,0,0,0,0,0,0,0,4,0,0,0,0,4,0,4,
0,0,0,0,0,0,0,0,0,0,14,0,0,0,0,0,
0,0,4,0,0,0,0,0,0,0,0,0,0,0,0,0,0,
3,0,0,9,0,0,1,0,0,4,0,0,0,0,0,0,
0,0,5,0,0,0,4,5,0,0,0,0,0,0,5,0,
0,0,0,0,3,0,0,0,0,0,0,0,0,12,0,0,
0,12,0,11,0,0,0,0,9,0,0,0,0,0,0,5,
4,0,0,0,0,0,0,0,0,0,10,0,0,0,0,0,
0,0,0,0,0,0,0,0,0,0,0,0,0,0,10,0,
0,0,1,0,0,0,0,0,0,0,9,0,0,0,0,0,
0,0,0,0,0,0,0,0,0,0,0,0,0,0,0,0,
0,12,0,0,0,0,11,0,0,0,2,4,0,14,0,0,
0,0,0,15,16,17,0,0,0,0,5,0,0,4,0,0,
0,0,5,0,0,0,0,0,0,0,4,0,0,0,0,0,
0,1,4,0,0,0,0,0,0,0,0,0,0,0,1,0,
0,0,9,0,6,0,3,0,0,0,0,0,0,0,0,0,


createPlayer
64
4448
264
4884
hunter
laser

createPowerUp
64
3500
264
3470
9
false

createPowerUp
64
2500
264
2470
9
false


createPowerUp
64
3900
264
3870
11
true

createPowerUp
64
2500
264
2470
12
true

createPowerUp
64
3000
264
2970
6
false

create_enemy(-50,  13, 1, no, 0, 0, no);
create_enemy(-51,  13, 2, no, 0, 0, no);
create_enemy(-105, 13, 3, no, 0, 0, no);
create_enemy(-106, 13, 4, no, 0, 0, no);
create_enemy(-150, 13, 3, no, 0, 0, no);
create_enemy(-151, 13, 4, no, 0, 0, no);
create_enemy(-205, 13, 1, no, 0, 0, no);
create_enemy(-206, 13, 2, no, 0, 0, no);
create_enemy(-250, 13, 1, no, 0, 0, no);
create_enemy(-251, 13, 2, no, 0, 0, no);
create_enemy(-290, 13, 3, no, 0, 0, no);
create_enemy(-291, 13, 4, no, 0, 0, no);

create_enemy(50,  6, 3, no, 0, 0, no);
create_enemy(80,  6, 4, no, 0, 0, no);
create_enemy(120 ,  7, 3, no, 0, 0, no);
create_enemy(160,  7, 4, no, 0, 0, no);
create_enemy(200 , 12, 3, no, 0, 0, no);
create_enemy(200,  12, 4, no, 0, 0, no);
create_enemy(215 , 12, 3, no, 0, 0, no);
create_enemy(215,  12, 4, no, 0, 0, no);
create_enemy(230 , 12, 3, no, 0, 0, no);
create_enemy(230,  12, 4, no, 0, 0, no);
create_enemy(245 , 12, 3, no, 0, 0, no);
create_enemy(245,  12, 4, no, 0, 0, no);
create_enemy(260 , 4, 0, no, 0, 0, no);
create_enemy(260,  4, 0, no, 0, 0, no);
create_enemy(300 , 12, 6, no, 0, 0, no);
create_enemy(310,  12, 6, no, 0, 0, no);
create_enemy(320 , 12, 6, no, 0, 0, no);
create_enemy(330,  12, 6, no, 0, 0, no);
create_enemy(340 , 12, 6, no, 0, 0, no);
create_enemy(350,  12, 6, no, 0, 0, no);
create_enemy(360 , 12, 6, no, 0, 0, no);
create_enemy(370,  12, 6, no, 0, 0, no);
create_enemy(400 , 4, 1, no, 0, 0, no);
create_enemy(400,  4, 2, no, 0, 0, no);
create_enemy(400,  5, 0, no, 0, 0, no);
create_enemy(470 , 1, 6, no, 0, 0, no);
create_enemy(485,  1, 6, no, 0, 0, no);
create_enemy(500 , 1, 6, no, 0, 0, no);
create_enemy(515,  1, 6, no, 0, 0, no);
//if (g_time == 520)
//{
//	power_up(addhealth);
//}
create_enemy(570 , 4, 3, no, 0, 0, no);
create_enemy(570,  4, 4, no, 0, 0, no);
create_enemy(570 , 13, 6, no, 0, 0, no);
create_enemy(580,  13, 6, no, 0, 0, no);
create_enemy(590 , 13, 6, no, 0, 0, no);
create_enemy(600,  13, 6, no, 0, 0, no);
create_enemy(610 , 1, 6, no, 0, 0, no);
create_enemy(620,  1, 6, no, 0, 0, no);
create_enemy(630 , 1, 6, no, 0, 0, no);
create_enemy(640,  1, 6, no, 0, 0, no);
create_enemy(650 , 2, 6, no, 0, 0, no);
create_enemy(660,  2, 6, no, 0, 0, no);
create_enemy(670 , 2, 6, no, 0, 0, no);
create_enemy(680,  2, 6, no, 0, 0, no);
create_enemy(690 , 3, 6, no, 0, 0, no);
create_enemy(700,  3, 6, no, 0, 0, no);
create_enemy(710 , 3, 6, no, 0, 0, no);
create_enemy(720,  3, 6, no, 0, 0, no);
create_enemy(820,  6, 0, no, 0, 0, no);
create_enemy(820,  6, 0, no, 0, 0, no);
create_enemy(820,  1, 6, no, 0, 0, no);
create_enemy(820,  1, 6, no, 0, 0, no);
create_enemy(850,  1, 0, no, 0, 0, no);
create_enemy(850,  1, 0, no, 0, 0, no);
create_enemy(900,  1, 0, no, 0, 0, no);
create_enemy(950,  7, 0, no, 0, 0, no);
//if (g_time == 950)
//{
//	power_up(addhealth);
//	power_up(addnuke);
//}
create_enemy(1050,  6, 1, no, 0, 0, no);
create_enemy(1070,  6, 2, no, 0, 0, no);
create_enemy(1090,  1, 3, no, 0, 0, no);
create_enemy(1110,  1, 4, no, 0, 0, no);
create_enemy(1225,  5 , 0, no, 0, 0, no);
create_enemy(1225,  3, 0, no, 0, 0, no);
create_enemy(1280,  1, 0, no,  0, 0, no);
create_enemy(1285,  1, 0, no, 0, 0, no);
create_enemy(1320,  5, 0, no, 0, 0, no);
create_enemy(1325,  5, 0, no, 0, 0, no);
create_enemy(1350,  2, 1, no, 0, 0, no);
create_enemy(1375,  4, 2, no, 0, 0, no);
create_enemy(1400,  4, 3, no, 0, 0, no);
create_enemy(1425,  2, 4, no, 0, 0, no);
create_enemy(1475,  2          , 1, no, 0, 0, no);
create_enemy(1500,  5, 2, no, 0, 0, no);
//if (g_time == 1500)
//{
//	power_up(addhealth);
//}
create_enemy(1600,  7, 0, no, 0, 0, no);
create_enemy(1610,  1, 0, no, 0, 0, no);
create_enemy(1610,  1, 0, no, 0, 0, no);
create_enemy(1630,  1, 0, no, 0, 0, no);
create_enemy(1630,  1, 0, no, 0, 0, no);
create_enemy(1670,  5, 0, no, 0, 0, no);
create_enemy(1700,  6, 0, no, 0, 0, no);
create_enemy(1725,  6, 0, no, 0, 0, no);
create_enemy(1750,  7, 0, no, 0, 0, no);
create_enemy(1750 , 2, 6, no, 0, 0, no);
create_enemy(1760,  2, 6, no, 0, 0, no);
create_enemy(1770 , 2, 6, no, 0, 0, no);
create_enemy(1775,  7, 0, no, 0, 0, no);
create_enemy(1780,  2, 6, no, 0, 0, no);
create_enemy(1790 , 3, 6, no, 0, 0, no);
create_enemy(1800,  3, 6, no, 0, 0, no);
create_enemy(1810 , 3, 6, no, 0, 0, no);
create_enemy(1820,  3, 6, no, 0, 0, no);
create_enemy(1850,  7, 5, no, 0, 0, no);
create_enemy(1875,  5, 5, no, 0, 0, no);
create_enemy(1900,  6, 5, no, 0, 0, no);
//if (g_time == 1900)
//{
//	power_up(addhealth);
//}


loadLevelOnCollision
level8
64
2098